-------------------------------------------------------
               Algoritmo-File.txt

             Scadenza Tempo Priorità +Penalità
                                     +Penalità totale
-------------------------------------------------------

HPF-EDF.txt

10 4  4
15 10 4
50 20 4
20 25 3 +15
25 28 3 +9
11 30 2 +38
33 39 2 +12
5  41 1 +36
25 42 1 +17
40 49 1 +9
        +136

EDF-None.txt    HPF-None.txt

5  2  5         5  2  5 
15 8  4         15 8  4 
26 13 3         40 18 4 
38 14 1         26 23 3 
34 23 2         34 32 2 
45 30 1         38 33 1 
40 40 4         45 40 1 

EDF-Both.txt    HPF-Both.txt

6  2  5         6  2  5 
6  8  4 +8      6  8  4 +8
26 18 4         26 18 4 
26 21 3         32 22 4 
32 25 4         26 25 3 
48 30 3         48 30 3 
48 39 2         48 39 2
52 46 1         62 41 2
60 47 1         52 48 1
62 49 2         60 49 1
        +8              +8